        11111
       1100011
       11W0011
       1000001
       1000001
       1000001
       1000001
       1011001
      110111011
   1111001 101111
  11100001 1011111
  11000011 11000011
   111111   111111


1111111111111111111111
1000000000000000000001
1000000000000000010001
1000000000000000000001
1000000000000000000001
1000100000000000000001
1000000000000000000001
1000000000000000000001
1000000000000000000001
100000000N000000000001
1000000000000000000001
1000001010100000000001
1000000000000000000001
1000010000000000000001
1000000000000000000001
1000000000000000000001
1000000000000000000001
1000000000010000000001
1111111111111111111111